100
1 1 1000
96 33 1
512 512 257
3 2 1
4 5 2
848 199 809
1 2 1
1 2 5
724 633 595
56 480 771
1 2 1
886 63 468
512 512 256
141 276 279
129 915 65
513 513 257
760 814 139
820 428 400
1000 1000 1
878 595 940
748 765 950
674 883 876
891 325 120
3 5 3
762 959 374
457 165 128
875 938 902
568 595 339
684 354 215
140 917 942
917 816 963
3 4 2
506 583 906
2 5 3
501 959 232
553 35 9
1 1 3
824 360 236
3 2 2
513 513 512
513 513 256
3 3 2
815 62 13
110 372 352
863 267 102
512 512 1
739 526 753
513 513 1
535 268 193
182 25 654
5 5 4
512 512 513
322 303 16
679 149 50
304 384 125
573 435 398
206 345 526
351 701 311
818 674 666
5 3 2
5 1 3
45 56 35
379 195 570
660 733 394
795 707 788
1 4 5
512 512 2
680 563 126
213 158 46
1 1 1
3 5 3
289 576 861
345 755 338
1 1 3
269 352 163
525 987 809
184 752 690
119 236 7
103 143 88
2 1 1
536 52 7
229 385 886
15 966 3
906 808 8
513 513 2
11 717 7
7 8 5
341 593 158
540 425 528
1 1 1
4 4 3
191 313 150
887 441 642
750 393 411
43 422 26
860 623 611
495 413 193
924 625 953
4 2 1
1 4 4