100
4
10 5 15 5
2
100 100
8
81 81 81 81 81 81 81 0
6
23 90 40 0 100 9
2
0 0
10
100 0 100 0 100 0 100 0 100 0
10
100 100 100 100 100 100 100 100 100 0
5
25 90 17 69 31
6
35 19 87 40 82 22
7
20 36 65 9 62 28 15
8
74 34 36 54 43 13 84 4
9
52 61 98 31 1 51 65 7 9
10
85 73 78 16 10 71 58 76 20 32
10
24 3 53 92 20 2 42 26 2 0
10
81 5 83 74 50 94 3 58 27 44
10
67 90 23 29 97 69 67 45 90 11
10
45 48 11 87 69 41 26 45 86 78
10
58 71 50 3 23 17 53 85 4 67
10
31 15 66 20 92 26 11 15 47 11
10
32 87 98 59 82 62 88 76 7 35
10
49 95 62 75 74 67 22 41 71 2
10
3 31 49 42 62 98 81 23 86 90
10
73 22 7 23 62 20 42 87 8 95
10
58 93 98 97 91 7 29 38 34 59
10
58 45 7 34 12 61 67 95 30 82
10
8 14 9 21 19 7 98 95 90 89
10
41 48 20 80 49 1 71 40 19 33
10
38 45 22 46 82 48 65 83 63 7
10
19 56 67 22 48 91 37 89 52 2
10
63 88 51 92 92 70 3 52 42 97
10
51 42 27 3 37 74 58 28 11 35
10
43 84 2 23 49 68 66 40 7 76
10
8 77 90 25 28 75 64 4 60 41
10
88 41 68 92 8 10 47 38 17 78
10
78 92 66 33 90 21 36 39 37 77
10
64 81 98 34 38 69 89 90 84 42
10
74 33 27 59 70 23 59 8 3 32
10
91 54 55 9 92 70 79 88 75 16
10
84 70 21 80 71 6 22 32 99 6
10
25 44 22 59 6 48 30 56 14 85
10
50 44 44 35 62 38 20 25 58 23
10
99 89 68 61 38 73 27 33 60 79
10
0 43 18 8 48 95 69 76 27 56
10
65 97 80 17 68 66 9 50 88 50
10
98 18 79 72 58 26 91 47 31 79
10
15 9 38 1 41 91 29 60 68 47
10
71 19 19 38 41 81 5 95 37 68
10
13 7 20 17 6 49 77 57 97 62
10
61 41 3 0 26 97 85 95 92 61
10
94 82 30 4 67 82 38 65 37 63
10
7 89 31 17 63 57 9 16 60 68
10
58 56 95 64 18 39 48 5 73 82
10
98 85 6 30 98 84 80 86 2 9
10
9 35 3 38 81 38 97 59 17 45
10
76 73 22 5 19 87 6 83 22 3
10
75 81 87 89 4 30 67 98 99 28
10
65 69 87 14 0 48 78 44 96 84
10
74 56 66 55 2 32 83 38 68 61
10
95 38 91 34 64 98 45 46 34 67
10
88 84 54 44 53 67 43 27 60 67
10
99 55 79 15 79 22 24 78 42 51
10
55 97 13 12 10 16 56 2 48 71
10
95 21 51 96 30 36 5 41 47 23
10
92 64 51 2 29 0 73 15 21 48
10
60 40 78 79 2 25 32 49 66 99
10
32 16 12 39 92 95 86 90 46 15
10
25 71 61 50 54 88 54 85 73 10
10
93 67 8 15 49 50 3 94 91 53
10
41 15 83 93 96 46 72 25 91 88
10
82 74 57 90 12 88 39 36 66 8
10
16 62 79 85 33 45 78 31 94 24
10
24 23 38 53 14 44 56 63 78 4
10
97 63 32 19 27 97 63 78 16 8
10
29 78 19 82 96 40 71 66 37 11
10
40 57 71 56 33 74 69 40 54 60
10
83 47 8 65 51 82 96 45 88 60
10
25 89 83 13 80 72 68 64 83 50
10
5 58 5 34 35 17 96 21 81 59
10
71 35 85 11 42 0 83 50 6 66
10
77 65 8 10 53 5 94 31 71 31
10
97 85 24 97 64 63 25 31 85 12
10
86 91 64 51 67 46 7 75 70 8
10
25 36 54 56 56 26 80 77 4 27
10
22 14 49 8 8 48 61 58 42 29
10
93 39 91 56 95 52 14 61 78 90
10
72 80 23 63 85 74 16 72 12 7
10
68 53 27 87 80 45 34 95 16 16
10
7 10 68 70 96 99 49 17 19 99
10
24 24 51 72 33 77 71 29 72 24
10
76 48 63 84 11 4 51 94 24 56
10
86 91 93 48 17 45 52 80 95 52
10
18 59 75 71 20 42 67 45 9 86
10
73 16 67 50 56 20 15 53 25 77
10
16 74 43 89 75 22 43 43 30 23
10
30 33 73 40 5 25 94 28 43 21
10
79 34 74 29 6 72 70 61 79 22
10
60 30 58 72 17 93 84 39 73 19
10
95 37 83 28 71 83 69 77 51 34
10
40 39 47 56 11 66 21 98 66 77
10
95 1 11 20 95 32 78 52 41 38
